
$orca_hessian_file

$act_atom
  0

$act_coord
  0

$act_energy
      -76.363586

$multiplicity
  1

$hessian
9
                    0                  1                  2                  3                  4        
    0     -1.1495390189E-03   2.0081519387E-10   2.9481237108E-10   5.7479941820E-04  -1.8545917497E-10
    1      2.0081519387E-10   6.9017298383E-01   2.4500000639E-10  -1.5834170411E-10  -3.4508634915E-01
    2      2.9481237108E-10   2.4500000639E-10   4.6126419983E-01  -5.9787577114E-11  -2.0537154098E-01
    3      5.7479941820E-04  -1.5834170411E-10  -5.9787577114E-11  -5.6526751020E-04   4.8675516325E-11
    4     -1.8545917497E-10  -3.4508634915E-01  -2.0537154098E-01   4.8675516325E-11   3.7626042769E-01
    5     -2.4019601914E-10  -2.6803870054E-01  -2.3063165855E-01   1.8431065714E-10   2.3670459511E-01
    6      5.7473960068E-04  -4.8923136165E-11  -2.4712067382E-10  -9.5319079963E-06   1.1573343558E-10
    7     -8.9063724944E-12  -3.4508663468E-01   2.0537154075E-01   1.3071641085E-10  -3.1174078537E-02
    8     -4.2520472083E-11   2.6803870028E-01  -2.3063254128E-01  -1.2537240064E-10  -3.1333054154E-02
                    5                  6                  7                  8        
     0     -2.4019601914E-10   5.7473960068E-04  -8.9063724944E-12  -4.2520472083E-11
     1     -2.6803870054E-01  -4.8923136165E-11  -3.4508663468E-01   2.6803870028E-01
     2     -2.3063165855E-01  -2.4712067382E-10   2.0537154075E-01  -2.3063254128E-01
     3      1.8431065714E-10  -9.5319079963E-06   1.3071641085E-10  -1.2537240064E-10
     4      2.3670459511E-01   1.1573343558E-10  -3.1174078537E-02  -3.1333054154E-02
     5      2.1895364525E-01   5.6734682610E-11   3.1334105453E-02   1.1678013302E-02
     6      5.6734682610E-11  -5.6520769268E-04  -9.4310168885E-11   1.7913943197E-10
     7      3.1334105453E-02  -9.4310168885E-11   3.7626071322E-01  -2.3670564616E-01
     8      1.1678013302E-02   1.7913943197E-10  -2.3670564616E-01   2.1895452798E-01

$vibrational_frequencies
9
    0        0.0000000000000000
    1        0.0000000000000000
    2        0.0000000000000000
    3        0.0000000000000000
    4        0.0000000000000000
    5        0.0000000000000000
    6     1646.8540402124365301
    7     3844.0293607109033474
    8     3954.2011659159452392

$normal_modes
9 9
                    0                  1                  2                  3                  4        
    0      0.0000000000E+00   0.0000000000E+00   0.0000000000E+00   0.0000000000E+00   0.0000000000E+00
    1      0.0000000000E+00   0.0000000000E+00   0.0000000000E+00   0.0000000000E+00   0.0000000000E+00
    2      0.0000000000E+00   0.0000000000E+00   0.0000000000E+00   0.0000000000E+00   0.0000000000E+00
    3      0.0000000000E+00   0.0000000000E+00   0.0000000000E+00   0.0000000000E+00   0.0000000000E+00
    4      0.0000000000E+00   0.0000000000E+00   0.0000000000E+00   0.0000000000E+00   0.0000000000E+00
    5      0.0000000000E+00   0.0000000000E+00   0.0000000000E+00   0.0000000000E+00   0.0000000000E+00
    6      0.0000000000E+00   0.0000000000E+00   0.0000000000E+00   0.0000000000E+00   0.0000000000E+00
    7      0.0000000000E+00   0.0000000000E+00   0.0000000000E+00   0.0000000000E+00   0.0000000000E+00
    8      0.0000000000E+00   0.0000000000E+00   0.0000000000E+00   0.0000000000E+00   0.0000000000E+00
                    5                  6                  7                  8        
     0      0.0000000000E+00   6.8215948128E-19  -3.3526883020E-19  -3.8407225645E-19
     1      0.0000000000E+00   2.9669758345E-08   1.6101650939E-06  -7.0238249737E-02
     2      0.0000000000E+00  -7.0735672462E-02   4.9818864432E-02   1.1523693364E-06
     3      0.0000000000E+00  -3.7373960214E-17   1.7550609732E-17  -5.1138477388E-17
     4      0.0000000000E+00  -4.2705310065E-01  -5.8520254094E-01   5.5739751909E-01
     5      0.0000000000E+00   5.6135895617E-01  -3.9537300988E-01   4.3222414544E-01
     6      0.0000000000E+00   2.6546708685E-17  -1.2229214877E-17   5.7234481387E-17
     7      0.0000000000E+00   4.2705262973E-01   5.8517698436E-01   5.5742565307E-01
     8      0.0000000000E+00   5.6135932133E-01  -3.9535319255E-01  -4.3224243588E-01

#
# The atoms: label  mass x y z (in bohrs)
#
$atoms
3
 O     15.99900      0.000000000000     0.000000000000     0.000000000000
 H      1.00800      0.000000000000     1.430522683378     1.109269240612
 H      1.00800      0.000000000000    -1.430522683378     1.109269240612

$actual_temperature
  0.000000

$frequency_scale_factor
  1.000000

$dipole_derivatives
9
   -6.5567189729E-01    5.0189195790E-12   -1.5076828674E-11
   -7.6600882632E-14   -4.9144000300E-01    8.5154105989E-12
   -9.3928315714E-14   -8.1501079892E-12   -3.4444963689E-01
    3.2783694291E-01    1.2152516203E-11   -1.4177548024E-11
    3.5902442439E-14    2.4571972171E-01   -7.6973321550E-02
   -3.3516806599E-14   -6.3677108617E-02    1.7222349472E-01
    3.2783495438E-01   -1.7171435782E-11    2.9254376699E-11
    4.0698440193E-14    2.4572028130E-01    7.6973321541E-02
    1.2744512231E-13    6.3677108625E-02    1.7222614217E-01

#
# The IR spectrum
#  wavenumber eps Int TX TY TZ
#
$ir_spectrum
9
      0.00   0.00000000   0.00000000     0.000000     0.000000     0.000000
      0.00   0.00000000   0.00000000     0.000000     0.000000     0.000000
      0.00   0.00000000   0.00000000     0.000000     0.000000     0.000000
      0.00   0.00000000   0.00000000     0.000000     0.000000     0.000000
      0.00   0.00000000   0.00000000     0.000000     0.000000     0.000000
      0.00   0.00000000   0.00000000     0.000000     0.000000     0.000000
   1646.85   0.01431292  72.33162366     0.000000     0.000000     0.052078
   3844.03   0.00073847   3.73194881    -0.000000    -0.000001    -0.007743
   3954.20   0.01144915  57.85933219    -0.000000     0.030059    -0.000000


$end

