
$orca_hessian_file

$act_atom
  0

$act_coord
  0

$act_energy
      -40.440930

$multiplicity
  1

$hessian
15
                    0                  1                  2                  3                  4        
    0      5.4496832615E-01   2.8501560834E-10  -2.5510089939E-06  -4.5519099636E-02  -1.4921397451E-09
    1      2.8501560834E-10   5.4498095384E-01  -8.1535043855E-09   1.3145040612E-09  -4.5519618155E-02
    2     -2.5510089939E-06  -8.1535043855E-09   5.4496548479E-01  -1.1182876847E-06   3.1619151741E-09
    3     -4.5519099636E-02   1.3145040612E-09  -1.1182876847E-06   4.5461436357E-02   3.4283912404E-09
    4     -1.4921397451E-09  -4.5519618155E-02   3.1619151741E-09   3.4283912404E-09   4.5461731944E-02
    5     -1.0595613276E-06  -3.5527136788E-11  -3.1770151779E-01   1.0541258911E-06   2.4868733972E-09
    6     -2.8745876758E-01  -3.9790393203E-09   8.5535385566E-02   1.8073840735E-03   3.1974423109E-10
    7      2.8066438063E-09  -4.5519406022E-02  -1.5631940187E-09  -2.3447910280E-09  -1.7688485343E-03
    8      8.5535218872E-02   5.6488147493E-09  -7.5754383921E-02   3.2130191130E-02  -4.3343106881E-09
    9     -1.0599523034E-01   1.0476192536E-01  -4.2765834749E-02  -8.7485876321E-04  -1.5485359839E-03
   10      1.0476191530E-01  -2.2697096515E-01   7.4076430323E-02  -1.5486035920E-03   9.1336868735E-04
   11     -4.2765831871E-02   7.4076304841E-02  -7.5754791666E-02  -1.6065051014E-02   2.7825519666E-02
   12     -1.0599522859E-01  -1.0476191829E-01  -4.2765826080E-02  -8.7486203171E-04   1.5485322535E-03
   13     -1.0476192159E-01  -2.2697096451E-01  -7.4076420375E-02   1.5486026683E-03   9.1336605834E-04
   14     -4.2765831871E-02  -7.4076305694E-02  -7.5754791418E-02  -1.6065044655E-02  -2.7825519737E-02
                    5                  6                  7                  8                  9        
    0     -1.0595613276E-06  -2.8745876758E-01   2.8066438063E-09   8.5535218872E-02  -1.0599523034E-01
    1     -3.5527136788E-11  -3.9790393203E-09  -4.5519406022E-02   5.6488147493E-09   1.0476192536E-01
    2     -3.1770151779E-01   8.5535385566E-02  -1.5631940187E-09  -7.5754383921E-02  -4.2765834749E-02
    3      1.0541258911E-06   1.8073840735E-03  -2.3447910280E-09   3.2130191130E-02  -8.7485876321E-04
    4      2.4868733972E-09   3.1974423109E-10  -1.7688485343E-03  -4.3343106881E-09  -1.5485359839E-03
    5      3.4478047333E-01  -1.4879397270E-03  -8.1712414612E-10  -9.0264428820E-03   7.4395440919E-04
    6     -1.4879397270E-03   3.1152212838E-01   7.4602115685E-10  -9.4063403147E-02  -1.2935371885E-02
    7     -8.1712414612E-10   7.4602115685E-10   4.5461257976E-02  -8.7034294832E-10   2.5717904251E-02
    8     -9.0264428820E-03  -9.4063403147E-02  -8.7034294832E-10   7.8712196973E-02  -1.1800954738E-02
    9      7.4395440919E-04  -1.2935371885E-02   2.5717904251E-02  -1.1800954738E-02   1.1196761414E-01
   10     -1.2886299672E-03  -1.7311989353E-03   9.1349971143E-04  -1.0306282761E-03  -1.1520670455E-01
   11     -9.0262568975E-03   5.0079268377E-03  -1.0735183906E-02   3.0343170465E-03   4.7029721823E-02
   12      7.4395945404E-04  -1.2935372986E-02  -2.5717909651E-02  -1.1800958397E-02   7.8378468515E-03
   13      1.2886270895E-03   1.7312060407E-03   9.1349686926E-04   1.0306231246E-03  -1.3724496419E-02
   14     -9.0262557606E-03   5.0079367497E-03   1.0735191864E-02   3.0343127833E-03   6.7931746983E-03
                   10                 11                 12                 13                 14        
    0      1.0476191530E-01  -4.2765831871E-02  -1.0599522859E-01  -1.0476192159E-01  -4.2765831871E-02
    1     -2.2697096515E-01   7.4076304841E-02  -1.0476191829E-01  -2.2697096451E-01  -7.4076305694E-02
    2      7.4076430323E-02  -7.5754791666E-02  -4.2765826080E-02  -7.4076420375E-02  -7.5754791418E-02
    3     -1.5486035920E-03  -1.6065051014E-02  -8.7486203171E-04   1.5486026683E-03  -1.6065044655E-02
    4      9.1336868735E-04   2.7825519666E-02   1.5485322535E-03   9.1336605834E-04  -2.7825519737E-02
    5     -1.2886299672E-03  -9.0262568975E-03   7.4395945404E-04   1.2886270895E-03  -9.0262557606E-03
    6     -1.7311989353E-03   5.0079268377E-03  -1.2935372986E-02   1.7312060407E-03   5.0079367497E-03
    7      9.1349971143E-04  -1.0735183906E-02  -2.5717909651E-02   9.1349686926E-04   1.0735191864E-02
    8     -1.0306282761E-03   3.0343170465E-03  -1.1800958397E-02   1.0306231246E-03   3.0343127833E-03
    9     -1.1520670455E-01   4.7029721823E-02   7.8378468515E-03  -1.3724496419E-02   6.7931746983E-03
   10      2.4500341229E-01  -8.1461903196E-02   1.3724499119E-02  -1.9859315543E-02   9.7046306280E-03
   11     -8.1461903196E-02   7.8712422677E-02   6.7931727799E-03  -9.7046369163E-03   3.0343088397E-03
   12      1.3724499119E-02   6.7931727799E-03   1.1196761676E-01   1.1520670293E-01   4.7029708661E-02
   13     -1.9859315543E-02  -9.7046369163E-03   1.1520670293E-01   2.4500341713E-01   8.1461905008E-02
   14      9.7046306280E-03   3.0343088397E-03   4.7029708661E-02   8.1461905008E-02   7.8712425556E-02

$vibrational_frequencies
15
    0        0.0000000000000000
    1        0.0000000000000000
    2        0.0000000000000000
    3        0.0000000000000000
    4        0.0000000000000000
    5        0.0000000000000000
    6     1350.3932820037694000
    7     1350.4073257487561932
    8     1350.4350326400710856
    9     1573.5262973247299669
   10     1573.5467120896362303
   11     3027.2428814021200196
   12     3146.1174786409378612
   13     3146.1280727692587789
   14     3146.1464812420222188

$normal_modes
15 15
                    0                  1                  2                  3                  4        
    0      0.0000000000E+00   0.0000000000E+00   0.0000000000E+00   0.0000000000E+00   0.0000000000E+00
    1      0.0000000000E+00   0.0000000000E+00   0.0000000000E+00   0.0000000000E+00   0.0000000000E+00
    2      0.0000000000E+00   0.0000000000E+00   0.0000000000E+00   0.0000000000E+00   0.0000000000E+00
    3      0.0000000000E+00   0.0000000000E+00   0.0000000000E+00   0.0000000000E+00   0.0000000000E+00
    4      0.0000000000E+00   0.0000000000E+00   0.0000000000E+00   0.0000000000E+00   0.0000000000E+00
    5      0.0000000000E+00   0.0000000000E+00   0.0000000000E+00   0.0000000000E+00   0.0000000000E+00
    6      0.0000000000E+00   0.0000000000E+00   0.0000000000E+00   0.0000000000E+00   0.0000000000E+00
    7      0.0000000000E+00   0.0000000000E+00   0.0000000000E+00   0.0000000000E+00   0.0000000000E+00
    8      0.0000000000E+00   0.0000000000E+00   0.0000000000E+00   0.0000000000E+00   0.0000000000E+00
    9      0.0000000000E+00   0.0000000000E+00   0.0000000000E+00   0.0000000000E+00   0.0000000000E+00
   10      0.0000000000E+00   0.0000000000E+00   0.0000000000E+00   0.0000000000E+00   0.0000000000E+00
   11      0.0000000000E+00   0.0000000000E+00   0.0000000000E+00   0.0000000000E+00   0.0000000000E+00
   12      0.0000000000E+00   0.0000000000E+00   0.0000000000E+00   0.0000000000E+00   0.0000000000E+00
   13      0.0000000000E+00   0.0000000000E+00   0.0000000000E+00   0.0000000000E+00   0.0000000000E+00
   14      0.0000000000E+00   0.0000000000E+00   0.0000000000E+00   0.0000000000E+00   0.0000000000E+00
                    5                  6                  7                  8                  9        
    0      0.0000000000E+00  -5.9637843806E-02  -1.1014393945E-01   1.1394257963E-04   1.3252713508E-05
    1      0.0000000000E+00   5.0451948354E-05  -1.5688978882E-04  -1.2525185772E-01  -8.2993832765E-09
    2      0.0000000000E+00  -1.1014450400E-01   5.9638002293E-02  -1.1907092324E-04   2.6259518245E-06
    3      0.0000000000E+00   2.8767258071E-01   5.3131801464E-01  -5.4959973929E-04  -5.0007066687E-01
    4      0.0000000000E+00  -2.4332240569E-04   7.5673717784E-04   6.0425492615E-01  -5.4628435770E-04
    5      0.0000000000E+00  -7.8424096838E-02   4.2460244617E-02  -8.4773085451E-05   3.8003965610E-06
    6      0.0000000000E+00   1.8583948644E-01  -1.1444760140E-01   2.1822618528E-04  -1.6666180174E-01
    7      0.0000000000E+00  -2.4349821754E-04   7.5706712304E-04   6.0427652912E-01   5.4635713342E-04
    8      0.0000000000E+00   5.6734655558E-01  -5.9435075574E-02   3.0303061129E-04  -4.7144443746E-01
    9      0.0000000000E+00   1.1844896158E-01   4.4811889509E-01   2.6640538252E-01   3.3360270712E-01
   10      0.0000000000E+00   2.9301295300E-01   1.4505540161E-01   1.4190101358E-01   2.8863292552E-01
   11      0.0000000000E+00   4.1168584470E-01  -3.4658982012E-01   1.8932926564E-01   2.3525861719E-01
   12      0.0000000000E+00   1.1866411210E-01   4.4745003368E-01  -2.6743171167E-01   3.3297184647E-01
   13      0.0000000000E+00  -2.9312730137E-01  -1.4469975824E-01   1.4202791114E-01  -2.8863289940E-01
   14      0.0000000000E+00   4.1183776554E-01  -3.4706237823E-01  -1.8812871279E-01   2.3615072988E-01
                   10                 11                 12                 13                 14        
    0     -6.9146924012E-09  -7.3343584871E-06  -1.8406594452E-04   8.6656325359E-02   2.9901335769E-02
    1     -1.8794665494E-06  -1.2464293838E-08   9.1671586332E-02   1.7493956855E-04   5.7318528063E-05
    2      3.4628733846E-08  -1.0260111585E-05  -2.8820731471E-06   2.9901201614E-02  -8.6655783526E-02
    3     -5.4630053506E-04  -5.3520012090E-06  -4.2775289634E-05   2.0137841097E-02   6.9510199856E-03
    4      5.0001170498E-01  -8.0599755766E-09   2.1304335773E-02   4.0662938437E-05   1.3323216510E-05
    5      1.7978492920E-08  -4.9988983081E-01   2.7090187140E-05  -2.8118941742E-01   8.1476440400E-01
    6     -1.8214589776E-04  -4.7137220795E-01   1.5248010448E-03  -6.3148853532E-01  -5.1143807766E-01
    7     -4.9999088282E-01  -3.0108764591E-09   2.1304867179E-02   4.0650389235E-05   1.3311075273E-05
    8     -5.1521872365E-04   1.6664515911E-01  -5.5485997830E-04   2.3732645932E-01   1.6312746320E-01
    9     -2.8830464294E-01   2.3573242908E-01   3.4027977822E-01  -2.0996025675E-01   7.4308768069E-02
   10      3.1614789118E-04  -4.0831440302E-01  -5.6815907347E-01   3.9860433733E-01  -1.1665731537E-01
   11      4.0850777187E-01   1.6668342703E-01   2.4064070740E-01  -1.5575632400E-01   2.7485415075E-02
   12      2.8903317177E-01   2.3573252470E-01  -3.3956853408E-01  -2.1125762431E-01   7.3883702387E-02
   13     -3.1457493171E-04   4.0831456261E-01  -5.6677892257E-01  -4.0077017363E-01   1.1594769214E-01
   14     -4.0799298375E-01   1.6668350083E-01  -2.4007859576E-01  -1.5667370657E-01   2.7184836700E-02

#
# The atoms: label  mass x y z (in bohrs)
#
$atoms
5
 C     12.01100     -0.000002214781     0.000000000015    -0.000003156834
 H      1.00800      0.000006419854    -0.000000000016     2.059637016973
 H      1.00800      1.941846640721    -0.000000000150    -0.686533747138
 H      1.00800     -0.970913335065     1.681691218921    -0.686532826993
 H      1.00800     -0.970913334900    -1.681691218935    -0.686532827040

$actual_temperature
  0.000000

$frequency_scale_factor
  1.000000

$dipole_derivatives
15
   -1.1958345362E-02    7.8483010021E-12    1.1739959443E-06
    1.3103857192E-12   -1.1959362086E-02   -6.4205943080E-11
   -2.1149459651E-07   -2.3555197506E-11   -1.1958527548E-02
    6.3206161407E-02   -1.5326305871E-09   -7.1937891696E-07
   -2.3065292623E-11    6.3205034322E-02    3.6895752295E-12
    1.2066974118E-08    9.2953623314E-11   -1.1741324998E-01
   -9.7343402053E-02   -4.9063513126E-10    5.6758177846E-02
    2.3757214186E-11    6.3204859542E-02   -3.4572876246E-11
    5.6755737870E-02    4.6771480460E-10    4.3127032223E-02
    2.3060252979E-02    6.9510103924E-02   -2.8378512881E-02
    6.9512115855E-02   -5.7206530287E-02    4.9152871243E-02
   -2.8377777000E-02    4.9150433164E-02    4.3127533843E-02
    2.3060252975E-02   -6.9510103928E-02   -2.8378512874E-02
   -6.9512115468E-02   -5.7206530313E-02   -4.9152871842E-02
   -2.8377776959E-02   -4.9150433222E-02    4.3127533873E-02

#
# The IR spectrum
#  wavenumber eps Int TX TY TZ
#
$ir_spectrum
15
      0.00   0.00000000   0.00000000     0.000000     0.000000     0.000000
      0.00   0.00000000   0.00000000     0.000000     0.000000     0.000000
      0.00   0.00000000   0.00000000     0.000000     0.000000     0.000000
      0.00   0.00000000   0.00000000     0.000000     0.000000     0.000000
      0.00   0.00000000   0.00000000     0.000000     0.000000     0.000000
      0.00   0.00000000   0.00000000     0.000000     0.000000     0.000000
   1350.39   0.00224777  11.35931967     0.010852    -0.000009     0.020042
   1350.41   0.00224796  11.36024618     0.020043     0.000029    -0.010852
   1350.44   0.00224822  11.36156162    -0.000021     0.022793     0.000022
   1573.53   0.00000000   0.00000042    -0.000004     0.000000    -0.000001
   1573.55   0.00000000   0.00000000    -0.000000     0.000000    -0.000000
   3027.24   0.00000000   0.00000034    -0.000002    -0.000000    -0.000002
   3146.12   0.00330972  16.72596161    -0.000036     0.018119    -0.000001
   3146.13   0.00330999  16.72731763     0.017128     0.000035     0.005910
   3146.15   0.00331024  16.72860244     0.005910     0.000011    -0.017129


$end

