
$orca_hessian_file

$act_atom
  0

$act_coord
  0

$act_energy
      -76.472211

$multiplicity
  1

$hessian
9
                    0                  1                  2                  3                  4        
    0     -1.7010156161E-03   1.8526937389E-12   1.5289233545E-05   8.5050781087E-04  -9.0647736178E-12
    1      1.8526937389E-12   6.8517022702E-01  -5.0000004137E-12  -7.5563178337E-08  -3.4258511351E-01
    2      1.5289233545E-05  -5.0000004137E-12   4.5828230905E-01  -1.5289219037E-05  -2.0608756145E-01
    3      8.5050781087E-04  -7.5563178337E-08  -1.5289219037E-05  -1.5520625580E-03   3.7782877555E-08
    4     -9.0647736178E-12  -3.4258511351E-01  -2.0608756145E-01   3.7782877555E-08   3.7453064687E-01
    5     -8.2630740713E-12  -2.6630337209E-01  -2.2914115453E-01   1.0889194737E-08   2.3619546677E-01
    6      8.5050780526E-04   7.5559802294E-08  -1.5289233999E-05   7.0155474709E-04  -1.2906977764E-05
    7      8.7354291400E-12  -3.4258511351E-01   2.0608756146E-01   1.2906984252E-05  -3.1945533359E-02
    8     -5.7903429908E-12   2.6630337209E-01  -2.2914115452E-01   7.6337223255E-06  -3.0105063451E-02
                    5                  6                  7                  8        
     0     -8.2630740713E-12   8.5050780526E-04   8.7354291400E-12  -5.7903429908E-12
     1     -2.6630337209E-01   7.5559802294E-08  -3.4258511351E-01   2.6630337209E-01
     2     -2.2914115453E-01  -1.5289233999E-05   2.0608756146E-01  -2.2914115452E-01
     3      1.0889194737E-08   7.0155474709E-04   1.2906984252E-05   7.6337223255E-06
     4      2.3619546677E-01  -1.2906977764E-05  -3.1945533359E-02  -3.0105063451E-02
     5      2.1670105688E-01   7.6337265851E-06   3.0105063448E-02   1.2440097645E-02
     6      7.6337265851E-06  -1.5520625523E-03  -3.7787512862E-08   1.0895439371E-08
     7      3.0105063448E-02  -3.7787512862E-08   3.7453064687E-01  -2.3619546677E-01
     8      1.2440097645E-02   1.0895439371E-08  -2.3619546677E-01   2.1670105687E-01

$vibrational_frequencies
9
    0        0.0000000000000000
    1        0.0000000000000000
    2        0.0000000000000000
    3        0.0000000000000000
    4        0.0000000000000000
    5        0.0000000000000000
    6     1629.5711318910182399
    7     3842.3196305802962343
    8     3938.7102190715600045

$normal_modes
9 9
                    0                  1                  2                  3                  4        
    0      0.0000000000E+00   0.0000000000E+00   0.0000000000E+00   0.0000000000E+00   0.0000000000E+00
    1      0.0000000000E+00   0.0000000000E+00   0.0000000000E+00   0.0000000000E+00   0.0000000000E+00
    2      0.0000000000E+00   0.0000000000E+00   0.0000000000E+00   0.0000000000E+00   0.0000000000E+00
    3      0.0000000000E+00   0.0000000000E+00   0.0000000000E+00   0.0000000000E+00   0.0000000000E+00
    4      0.0000000000E+00   0.0000000000E+00   0.0000000000E+00   0.0000000000E+00   0.0000000000E+00
    5      0.0000000000E+00   0.0000000000E+00   0.0000000000E+00   0.0000000000E+00   0.0000000000E+00
    6      0.0000000000E+00   0.0000000000E+00   0.0000000000E+00   0.0000000000E+00   0.0000000000E+00
    7      0.0000000000E+00   0.0000000000E+00   0.0000000000E+00   0.0000000000E+00   0.0000000000E+00
    8      0.0000000000E+00   0.0000000000E+00   0.0000000000E+00   0.0000000000E+00   0.0000000000E+00
                    5                  6                  7                  8        
     0      0.0000000000E+00   6.8223807601E-19  -3.3513425783E-19  -3.8406458815E-19
     1      0.0000000000E+00   1.0950151164E-13  -3.9483212240E-12  -7.0238249757E-02
     2      0.0000000000E+00  -7.0747034866E-02   4.9803835200E-02  -3.0083297866E-12
     3      0.0000000000E+00  -3.7378122710E-17   1.7541590928E-17  -5.1138878086E-17
     4      0.0000000000E+00  -4.2693336692E-01  -5.8527096678E-01   5.5741158627E-01
     5      0.0000000000E+00   5.6144931092E-01  -3.9524382903E-01   4.3223329081E-01
     6      0.0000000000E+00   2.6549623724E-17  -1.2222332009E-17   5.7234760374E-17
     7      0.0000000000E+00   4.2693336692E-01   5.8527096685E-01   5.5741158621E-01
     8      0.0000000000E+00   5.6144931093E-01  -3.9524382908E-01  -4.3223329076E-01

#
# The atoms: label  mass x y z (in bohrs)
#
$atoms
3
 O     15.99900      0.000000000000    -0.000000000000    -0.124134709357
 H      1.00800      0.000000000000     1.430522683378     0.985134531254
 H      1.00800      0.000000000000    -1.430522683378     0.985134531254

$actual_temperature
  0.000000

$frequency_scale_factor
  1.000000

$dipole_derivatives
9
   -6.5791147812E-01   -4.6453298107E-12    3.6859404418E-11
    2.6715424288E-12   -5.0010507742E-01   -4.0423220327E-11
    7.1896559332E-12    2.6655961679E-12   -3.5688465462E-01
    3.2905412717E-01   -8.8124612422E-07    6.9658976698E-05
   -8.8554429103E-13    2.5010907392E-01   -7.4413110314E-02
    1.9581576179E-11   -6.1131644724E-02    1.7828413975E-01
    3.2905412716E-01    8.8123716450E-07    6.9659017121E-05
   -5.6999025018E-12    2.5010907395E-01    7.4413110328E-02
   -2.0443023393E-11    6.1131644696E-02    1.7828413980E-01

#
# The IR spectrum
#  wavenumber eps Int TX TY TZ
#
$ir_spectrum
9
      0.00   0.00000000   0.00000000     0.000000     0.000000     0.000000
      0.00   0.00000000   0.00000000     0.000000     0.000000     0.000000
      0.00   0.00000000   0.00000000     0.000000     0.000000     0.000000
      0.00   0.00000000   0.00000000     0.000000     0.000000     0.000000
      0.00   0.00000000   0.00000000     0.000000     0.000000     0.000000
      0.00   0.00000000   0.00000000     0.000000     0.000000     0.000000
   1629.57   0.01487486  75.17142327    -0.000000    -0.000000     0.053372
   3842.32   0.00094626   4.78198745    -0.000000     0.000000    -0.008767
   3938.71   0.01215571  61.42999236     0.000000     0.031034    -0.000000


$end

