
$orca_hessian_file

$act_atom
  0

$act_coord
  0

$act_energy
     -188.340595

$multiplicity
  1

$hessian
9
                    0                  1                  2                  3                  4        
    0      1.0090935737E+00  -2.2737367544E-09  -1.1368683771E-09  -9.2980949020E-01  -5.8264504332E-09
    1     -2.2737367544E-09   3.6500845795E-02   5.6843418860E-09   5.9685589804E-09  -7.2752821154E-02
    2     -1.1368683771E-09   5.6843418860E-09   3.6500863132E-02   2.0037305148E-08   6.6791017161E-09
    3     -9.2980949020E-01   5.9685589804E-09   2.0037305148E-08   1.8594847464E+00  -8.9528384707E-09
    4     -5.8264504332E-09  -7.2752821154E-02   6.6791017161E-09  -8.9528384707E-09   1.4566467513E-01
    5      6.5369931690E-09  -3.2684965845E-09  -7.2752823286E-02  -4.1211478672E-09  -4.6895820560E-09
    6     -7.9284083512E-02  -3.6948222260E-09  -1.8900436771E-08  -9.2967525617E-01   1.4779288904E-08
    7      8.1001871877E-09   3.6251975359E-02  -1.2363443602E-08   2.9842794902E-09  -7.2911853977E-02
    8     -5.4001247918E-09  -2.4158453016E-09   3.6251960154E-02  -1.5916157281E-08  -1.9895196601E-09
                    5                  6                  7                  8        
     0      6.5369931690E-09  -7.9284083512E-02   8.1001871877E-09  -5.4001247918E-09
     1     -3.2684965845E-09  -3.6948222260E-09   3.6251975359E-02  -2.4158453016E-09
     2     -7.2752823286E-02  -1.8900436771E-08  -1.2363443602E-08   3.6251960154E-02
     3     -4.1211478672E-09  -9.2967525617E-01   2.9842794902E-09  -1.5916157281E-08
     4     -4.6895820560E-09   1.4779288904E-08  -7.2911853977E-02  -1.9895196601E-09
     5      1.4566467655E-01  -2.4158453016E-09   7.9580786405E-09  -7.2911853266E-02
     6     -2.4158453016E-09   1.0089593397E+00  -1.1084466678E-08   2.1316282073E-08
     7      7.9580786405E-09  -1.1084466678E-08   3.6659878618E-02   4.4053649616E-09
     8     -7.2911853266E-02   2.1316282073E-08   4.4053649616E-09   3.6659893112E-02

$vibrational_frequencies
9
    0        0.0000000000000000
    1        0.0000000000000000
    2        0.0000000000000000
    3        0.0000000000000000
    4        0.0000000000000000
    5      663.8976304330766425
    6      663.8976520505764256
    7     1340.7081507676248293
    8     2372.0307394820388254

$normal_modes
9 9
                    0                  1                  2                  3                  4        
    0      0.0000000000E+00   0.0000000000E+00   0.0000000000E+00   0.0000000000E+00   0.0000000000E+00
    1      0.0000000000E+00   0.0000000000E+00   0.0000000000E+00   0.0000000000E+00   0.0000000000E+00
    2      0.0000000000E+00   0.0000000000E+00   0.0000000000E+00   0.0000000000E+00   0.0000000000E+00
    3      0.0000000000E+00   0.0000000000E+00   0.0000000000E+00   0.0000000000E+00   0.0000000000E+00
    4      0.0000000000E+00   0.0000000000E+00   0.0000000000E+00   0.0000000000E+00   0.0000000000E+00
    5      0.0000000000E+00   0.0000000000E+00   0.0000000000E+00   0.0000000000E+00   0.0000000000E+00
    6      0.0000000000E+00   0.0000000000E+00   0.0000000000E+00   0.0000000000E+00   0.0000000000E+00
    7      0.0000000000E+00   0.0000000000E+00   0.0000000000E+00   0.0000000000E+00   0.0000000000E+00
    8      0.0000000000E+00   0.0000000000E+00   0.0000000000E+00   0.0000000000E+00   0.0000000000E+00
                    5                  6                  7                  8        
     0      5.4034304714E-09  -1.4428856190E-08  -7.0708630859E-01   3.3158286610E-01
     1     -2.5138029345E-01   2.1617544583E-01  -8.8692500240E-09  -3.0814685750E-09
     2     -2.1617544583E-01  -2.5138029345E-01   3.8530510124E-09  -2.1472274678E-09
     3      4.8835422567E-09  -1.3989521859E-09  -5.4536593348E-05  -8.8326227557E-01
     4      6.6969166844E-01  -5.7590391438E-01   2.3627973987E-08   4.6136823139E-09
     5      5.7590391438E-01   6.6969166844E-01  -1.0264973202E-08   2.1239845125E-09
     6     -9.0696737314E-09   1.5479097741E-08   7.0712725109E-01   3.3151252686E-01
     7     -2.5138029345E-01   2.1617544583E-01  -8.8690833378E-09  -3.8218157132E-10
     8     -2.1617544583E-01  -2.5138029345E-01   3.8532177016E-09   5.5267918050E-10

#
# The atoms: label  mass x y z (in bohrs)
#
$atoms
3
 O     15.99900     -0.013171653702     0.000000002992     0.000000002993
 C     12.01100      2.192082315342    -0.000000005985    -0.000000005986
 O     15.99900      4.397336284405     0.000000002992     0.000000002993

$actual_temperature
  0.000000

$frequency_scale_factor
  1.000000

$dipole_derivatives
9
   -1.1470150972E+00   -2.9105995718E-09   -2.9111640601E-09
    3.6258228950E-09   -2.1555869432E-01   -7.5321580039E-10
    3.6382902225E-09    6.8742598639E-10   -2.1555869432E-01
    2.2940311299E+00   -6.0990745258E-14   -1.0845045111E-13
    9.5662301865E-12    4.3109679248E-01    6.1626336904E-09
    4.0613888121E-12   -6.2305693574E-09    4.3109679248E-01
   -1.1470160327E+00    2.9106605626E-09    2.9112725105E-09
   -3.6353891252E-09   -2.1553809816E-01   -5.4094178900E-09
   -3.6423516113E-09    5.5431433710E-09   -2.1553809815E-01

#
# The IR spectrum
#  wavenumber eps Int TX TY TZ
#
$ir_spectrum
9
      0.00   0.00000000   0.00000000     0.000000     0.000000     0.000000
      0.00   0.00000000   0.00000000     0.000000     0.000000     0.000000
      0.00   0.00000000   0.00000000     0.000000     0.000000     0.000000
      0.00   0.00000000   0.00000000     0.000000     0.000000     0.000000
      0.00   0.00000000   0.00000000     0.000000     0.000000     0.000000
    663.90   0.00410526  20.74628406     0.000000     0.033306     0.028642
    663.90   0.00410526  20.74628406    -0.000000    -0.028642     0.033306
   1340.71   0.00000000   0.00000182    -0.000009     0.000000    -0.000000
   2372.03   0.11624903 587.47494528    -0.123668     0.000000     0.000000


$end

