
$orca_hessian_file

$act_atom
  0

$act_coord
  0

$act_energy
      -40.440930

$multiplicity
  1

$hessian
15
                    0                  1                  2                  3                  4        
    0      5.4496709701E-01   2.9430954050E-07  -2.3558045204E-06  -4.5518910312E-02   5.1763038300E-08
    1      2.9430954050E-07   5.4498147377E-01  -4.8423213418E-08   4.9773518640E-08  -4.5519452243E-02
    2     -2.3558045204E-06  -4.8423213418E-08   5.4496342408E-01  -1.1186784832E-06   3.2404301464E-07
    3     -4.5518910312E-02   4.9773518640E-08  -1.1186784832E-06   4.5461739333E-02  -6.2172654284E-09
    4      5.1763038300E-08  -4.5519452243E-02   3.2404301464E-07  -6.2172654284E-09   4.5462105547E-02
    5     -1.1775824760E-06   2.7469582164E-07  -3.1770161890E-01   1.0670217546E-06  -2.4549262455E-07
    6     -2.8745907599E-01   1.4033219031E-07   8.5535104404E-02   1.8073617980E-03  -1.0054179711E-08
    7      1.7369217176E-07  -4.5519271588E-02  -2.8030910926E-08  -4.5119463721E-09  -1.7688480725E-03
    8      8.5535341867E-02  -1.7017498521E-08  -7.5753885689E-02   3.2130222181E-02   2.4868995752E-10
    9     -1.0599492494E-01   1.0476227533E-01  -4.2765774566E-02  -8.7486988321E-04  -1.5485184335E-03
   10      1.0476202906E-01  -2.2697140110E-01   7.4076294574E-02  -1.5485910509E-03   9.1335611074E-04
   11     -4.2765849706E-02   7.4076459704E-02  -7.5754317272E-02  -1.6065053998E-02   2.7825529685E-02
   12     -1.0599418577E-01  -1.0476275975E-01  -4.2765855355E-02  -8.7532093573E-04   1.5484829419E-03
   13     -1.0476254882E-01  -2.2697134884E-01  -7.4076542163E-02   1.5485520066E-03   9.1283865800E-04
   14     -4.2765958774E-02  -7.4076668959E-02  -7.5753602218E-02  -1.6065116526E-02  -2.7825608484E-02
                    5                  6                  7                  8                  9        
    0     -1.1775824760E-06  -2.8745907599E-01   1.7369217176E-07   8.5535341867E-02  -1.0599492494E-01
    1      2.7469582164E-07   1.4033219031E-07  -4.5519271588E-02  -1.7017498521E-08   1.0476227533E-01
    2     -3.1770161890E-01   8.5535104404E-02  -2.8030910926E-08  -7.5753885689E-02  -4.2765774566E-02
    3      1.0670217546E-06   1.8073617980E-03  -4.5119463721E-09   3.2130222181E-02  -8.7486988321E-04
    4     -2.4549262455E-07  -1.0054179711E-08  -1.7688480725E-03   2.4868995752E-10  -1.5485184335E-03
    5      3.4477983413E-01  -1.4879404020E-03  -8.3488771452E-09  -9.0264416031E-03   7.4395991589E-04
    6     -1.4879404020E-03   3.1152191539E-01  -1.3695716799E-07  -9.4063132110E-02  -1.2935330709E-02
    7     -8.3488771452E-09  -1.3695716799E-07   4.5461609517E-02   2.9984848317E-08   2.5717906418E-02
    8     -9.0264416031E-03  -9.4063132110E-02   2.9984848317E-08   7.8712139953E-02  -1.1800965432E-02
    9      7.4395991589E-04  -1.2935330709E-02   2.5717906418E-02  -1.1800965432E-02   1.1196764994E-01
   10     -1.2886291145E-03  -1.7312068223E-03   9.1348947961E-04  -1.0306144915E-03  -1.1520660059E-01
   11     -9.0262224006E-03   5.0079284009E-03  -1.0735175486E-02   3.0343048252E-03   4.7029542820E-02
   12      7.4409104656E-04  -1.2934870490E-02  -2.5717938641E-02  -1.1801466506E-02   7.8374755930E-03
   13      1.2886082601E-03   1.7312135014E-03   9.1302066352E-04   1.0306012754E-03  -1.3725062722E-02
   14     -9.0255512220E-03   5.0080397074E-03   1.0735181881E-02   3.0338825141E-03   6.7932372616E-03
                   10                 11                 12                 13                 14        
    0      1.0476202906E-01  -4.2765849706E-02  -1.0599418577E-01  -1.0476254882E-01  -4.2765958774E-02
    1     -2.2697140110E-01   7.4076459704E-02  -1.0476275975E-01  -2.2697134884E-01  -7.4076668959E-02
    2      7.4076294574E-02  -7.5754317272E-02  -4.2765855355E-02  -7.4076542163E-02  -7.5753602218E-02
    3     -1.5485910509E-03  -1.6065053998E-02  -8.7532093573E-04   1.5485520066E-03  -1.6065116526E-02
    4      9.1335611074E-04   2.7825529685E-02   1.5484829419E-03   9.1283865800E-04  -2.7825608484E-02
    5     -1.2886291145E-03  -9.0262224006E-03   7.4409104656E-04   1.2886082601E-03  -9.0255512220E-03
    6     -1.7312068223E-03   5.0079284009E-03  -1.2934870490E-02   1.7312135014E-03   5.0080397074E-03
    7      9.1348947961E-04  -1.0735175486E-02  -2.5717938641E-02   9.1302066352E-04   1.0735181881E-02
    8     -1.0306144915E-03   3.0343048252E-03  -1.1801466506E-02   1.0306012754E-03   3.0338825141E-03
    9     -1.1520660059E-01   4.7029542820E-02   7.8374755930E-03  -1.3725062722E-02   6.7932372616E-03
   10      2.4500374500E-01  -8.1461763877E-02   1.3724369410E-02  -1.9859189493E-02   9.7047129088E-03
   11     -8.1461763877E-02   7.8712377273E-02   6.7934324832E-03  -9.7050500258E-03   3.0338575741E-03
   12      1.3724369410E-02   6.7934324832E-03   1.1196690160E-01   1.1520784604E-01   4.7029798331E-02
   13     -1.9859189493E-02  -9.7050500258E-03   1.1520784604E-01   2.4500467901E-01   8.1462382653E-02
   14      9.7047129088E-03   3.0338575741E-03   4.7029798331E-02   8.1462382653E-02   7.8711413352E-02

$vibrational_frequencies
15
    0        0.0000000000000000
    1        0.0000000000000000
    2        0.0000000000000000
    3        0.0000000000000000
    4        0.0000000000000000
    5        0.0000000000000000
    6     1350.4108929103126684
    7     1350.4226133820216091
    8     1350.4591752534031457
    9     1573.5568104145174857
   10     1573.5775731246640134
   11     3027.2959929413300415
   12     3146.1789691704848337
   13     3146.1879144631952840
   14     3146.2013805234096253

$normal_modes
15 15
                    0                  1                  2                  3                  4        
    0      0.0000000000E+00   0.0000000000E+00   0.0000000000E+00   0.0000000000E+00   0.0000000000E+00
    1      0.0000000000E+00   0.0000000000E+00   0.0000000000E+00   0.0000000000E+00   0.0000000000E+00
    2      0.0000000000E+00   0.0000000000E+00   0.0000000000E+00   0.0000000000E+00   0.0000000000E+00
    3      0.0000000000E+00   0.0000000000E+00   0.0000000000E+00   0.0000000000E+00   0.0000000000E+00
    4      0.0000000000E+00   0.0000000000E+00   0.0000000000E+00   0.0000000000E+00   0.0000000000E+00
    5      0.0000000000E+00   0.0000000000E+00   0.0000000000E+00   0.0000000000E+00   0.0000000000E+00
    6      0.0000000000E+00   0.0000000000E+00   0.0000000000E+00   0.0000000000E+00   0.0000000000E+00
    7      0.0000000000E+00   0.0000000000E+00   0.0000000000E+00   0.0000000000E+00   0.0000000000E+00
    8      0.0000000000E+00   0.0000000000E+00   0.0000000000E+00   0.0000000000E+00   0.0000000000E+00
    9      0.0000000000E+00   0.0000000000E+00   0.0000000000E+00   0.0000000000E+00   0.0000000000E+00
   10      0.0000000000E+00   0.0000000000E+00   0.0000000000E+00   0.0000000000E+00   0.0000000000E+00
   11      0.0000000000E+00   0.0000000000E+00   0.0000000000E+00   0.0000000000E+00   0.0000000000E+00
   12      0.0000000000E+00   0.0000000000E+00   0.0000000000E+00   0.0000000000E+00   0.0000000000E+00
   13      0.0000000000E+00   0.0000000000E+00   0.0000000000E+00   0.0000000000E+00   0.0000000000E+00
   14      0.0000000000E+00   0.0000000000E+00   0.0000000000E+00   0.0000000000E+00   0.0000000000E+00
                    5                  6                  7                  8                  9        
    0      0.0000000000E+00   4.5329077727E-02   1.1578314088E-01  -1.5096622776E-02  -1.4790156513E-05
    1      0.0000000000E+00  -1.1171488457E-02  -1.1819086683E-02  -1.2419175164E-01   1.4430823088E-06
    2      0.0000000000E+00   1.1622812240E-01  -4.6291935700E-02  -6.0498125696E-03  -3.4196030444E-06
    3      0.0000000000E+00  -2.1864285961E-01  -5.5851279879E-01   7.2827424677E-02   5.0007246262E-01
    4      0.0000000000E+00   5.3899704127E-02   5.7011460058E-02   5.9913992065E-01   2.4629900201E-03
    5      0.0000000000E+00   8.2756735994E-02  -3.2957988569E-02  -4.3067018079E-03  -3.5639073605E-06
    6      0.0000000000E+00  -1.9780897217E-01   9.1778132309E-02   9.0624086605E-03   1.6666169069E-01
    7      0.0000000000E+00   5.3893268963E-02   5.7029667289E-02   5.9916147835E-01  -2.4769108310E-03
    8      0.0000000000E+00  -5.6805790901E-01  -6.5442082469E-03   5.1727923444E-02   4.7144448286E-01
    9      0.0000000000E+00  -3.8032056879E-02  -4.3125779758E-01   3.1365707148E-01  -3.3470751380E-01
   10      0.0000000000E+00  -2.5908268695E-01  -1.6361364201E-01   1.8204899271E-01  -2.8862623703E-01
   11      0.0000000000E+00  -4.3298046439E-01   3.1335385357E-01   1.9946463197E-01  -2.3368519044E-01
   12      0.0000000000E+00  -8.5642651597E-02  -4.8164176718E-01  -2.1566046021E-01  -3.3185040482E-01
   13      0.0000000000E+00   2.8440553515E-01   1.9040490568E-01   9.9478109270E-02   2.8862296255E-01
   14      0.0000000000E+00  -4.6665484883E-01   2.7774798579E-01  -1.7479825562E-01  -2.3771498164E-01
                   10                 11                 12                 13                 14        
    0      1.3592572847E-06  -6.1407947127E-06   3.3558667920E-02   8.0856244838E-02  -2.7194252482E-02
    1     -1.9260629897E-06   1.2657128872E-06  -8.4194994337E-02   3.6098530348E-02   3.4331230354E-03
    2     -1.5374458127E-06  -9.1562353821E-06   1.3736803165E-02   2.3719139687E-02   8.7475767247E-02
    3     -2.4765120095E-03  -5.3150862918E-06   7.7981396469E-03   1.8790904580E-02  -6.3214999106E-03
    4      5.0000661307E-01   5.4625655479E-07  -1.9567349031E-02   8.3909410582E-03   7.9944223223E-04
    5      1.7136894623E-07  -4.9989734661E-01  -1.2918001907E-01  -2.2305136655E-01  -8.2247235713E-01
    6     -8.2088185895E-04  -4.7137836726E-01  -2.3802413161E-01  -6.0186834688E-01   4.9136757652E-01
    7     -4.9998496490E-01  -2.0101675725E-07  -1.9567631789E-02   8.3912171272E-03   7.9754613104E-04
    8     -2.3245643594E-03   1.6664666692E-01   9.0100801915E-02   2.2494128447E-01  -1.5561851340E-01
    9     -2.8702463863E-01   2.3573276434E-01  -3.9702425097E-01  -5.6332702750E-02  -6.7773601762E-02
   10      1.4262775449E-03  -4.0831752906E-01   6.8162175704E-01   1.3852414191E-01   1.0723987650E-01
   11      4.0941685884E-01   1.6668341581E-01  -2.8305774711E-01  -4.7610191096E-02  -2.3118988860E-02
   12      2.9030583603E-01   2.3572408972E-01   2.2737607588E-01  -3.2404655807E-01  -9.3234611196E-02
   13     -1.4249753757E-03   4.0830210200E-01   3.6075337952E-01  -5.8544464137E-01  -1.4974484183E-01
   14     -4.0707414615E-01   1.6667636661E-01   1.5845368766E-01  -2.3690927719E-01  -4.1122918790E-02

#
# The atoms: label  mass x y z (in bohrs)
#
$atoms
5
 C     12.01100     -0.000008363496     0.000000848490    -0.000011734749
 H      1.00800      0.000000225197    -0.000001803225     2.059628763931
 H      1.00800      1.941841245795    -0.000000428813    -0.686540769077
 H      1.00800     -0.970918145584     1.681693639204    -0.686539429186
 H      1.00800     -0.970916851638    -1.681692255657    -0.686536830919

$actual_temperature
  0.000000

$frequency_scale_factor
  1.000000

$dipole_derivatives
15
   -1.1958280635E-02   -3.3464896841E-07    1.1826169341E-06
   -3.4283892056E-07   -1.1959502057E-02   -2.0984012344E-07
   -1.9771592399E-07   -2.0346536183E-07   -1.1958666814E-02
    6.3206163226E-02    1.7289868701E-07   -7.2357243750E-07
    1.7041025488E-07    6.3204917345E-02    3.6256672842E-07
   -7.1382449913E-08   -5.5223280874E-08   -1.1741395524E-01
   -9.7343564975E-02    9.9332247977E-08    5.6758237308E-02
    3.0225449577E-07    6.3204698694E-02    5.5543966267E-08
    5.6755660994E-02    1.2743791299E-07    4.3127270774E-02
    2.3060383486E-02    6.9509742255E-02   -2.8378453733E-02
    6.9511956232E-02   -5.7205985196E-02    4.9152797120E-02
   -2.8377662436E-02    4.9150122539E-02    4.3127861001E-02
    2.3035298898E-02   -6.9509679837E-02   -2.8380242619E-02
   -6.9512086058E-02   -5.7244128785E-02   -4.9153005390E-02
   -2.8377729459E-02   -4.9149991288E-02    4.3117490277E-02

#
# The IR spectrum
#  wavenumber eps Int TX TY TZ
#
$ir_spectrum
15
      0.00   0.00000000   0.00000000     0.000000     0.000000     0.000000
      0.00   0.00000000   0.00000000     0.000000     0.000000     0.000000
      0.00   0.00000000   0.00000000     0.000000     0.000000     0.000000
      0.00   0.00000000   0.00000000     0.000000     0.000000     0.000000
      0.00   0.00000000   0.00000000     0.000000     0.000000     0.000000
      0.00   0.00000000   0.00000000     0.000000     0.000000     0.000000
   1350.41   0.00224753  11.35809765    -0.008248     0.002031    -0.021148
   1350.42   0.00224750  11.35792471    -0.021066     0.002149     0.008423
   1350.46   0.00224808  11.36086643     0.002748     0.022599     0.001101
   1573.56   0.00000000   0.00000107     0.000006    -0.000002     0.000001
   1573.58   0.00000000   0.00000010    -0.000002     0.000000     0.000001
   3027.30   0.00000000   0.00000066    -0.000002    -0.000002    -0.000002
   3146.18   0.00331021  16.72843143     0.006632    -0.016643     0.002715
   3146.19   0.00331075  16.73118666     0.015983     0.007138     0.004689
   3146.20   0.00331027  16.72874629    -0.005375     0.000679     0.017291


$end

