
$orca_hessian_file

$act_atom
  0

$act_coord
  0

$act_energy
      -76.472211

$multiplicity
  1

$hessian
9
                    0                  1                  2                  3                  4        
    0     -1.7023036113E-03   1.2747000660E-12   1.6721046995E-11   8.5123841017E-04  -1.4406055599E-11
    1      1.2747000660E-12   6.8518330835E-01  -1.0000000827E-11  -8.5116725650E-08  -3.4258765705E-01
    2      1.6721046995E-11  -1.0000000827E-11   4.5833360910E-01  -4.8539365383E-06  -2.0610409541E-01
    3      8.5123841017E-04  -8.5116725650E-08  -4.8539365383E-06  -1.5543508772E-03   4.1066543975E-06
    4     -1.4406055599E-11  -3.4258765705E-01  -2.0610409541E-01   4.1066543975E-06   3.7453032115E-01
    5     -1.0616573671E-11  -2.6630589785E-01  -2.2916628927E-01   2.4422898857E-06   2.3620516720E-01
    6      8.5106520117E-04   8.5116287489E-08   4.8539237695E-06   7.0311246704E-04  -4.1066423796E-06
    7      1.2294816467E-11  -3.4259565130E-01   2.0610409543E-01  -4.0215352836E-06  -3.1942664098E-02
    8     -1.0056720318E-11   2.6630589785E-01  -2.2916731983E-01   2.4116599079E-06  -3.0101071794E-02
                    5                  6                  7                  8        
     0     -1.0616573671E-11   8.5106520117E-04   1.2294816467E-11  -1.0056720318E-11
     1     -2.6630589785E-01   8.5116287489E-08  -3.4259565130E-01   2.6630589785E-01
     2     -2.2916628927E-01   4.8539237695E-06   2.0610409543E-01  -2.2916731983E-01
     3      2.4422898857E-06   7.0311246704E-04  -4.0215352836E-06   2.4116599079E-06
     4      2.3620516720E-01  -4.1066423796E-06  -3.1942664098E-02  -3.0101071794E-02
     5      2.1671286897E-01  -2.4422925245E-06   3.0100730664E-02   1.2453420300E-02
     6     -2.4422925245E-06  -1.5541776682E-03   4.0215245404E-06  -2.4116405481E-06
     7      3.0100730664E-02   4.0215245404E-06   3.7453831540E-01  -2.3620482607E-01
     8      1.2453420300E-02  -2.4116405481E-06  -2.3620482607E-01   2.1671389953E-01

$vibrational_frequencies
9
    0        0.0000000000000000
    1        0.0000000000000000
    2        0.0000000000000000
    3        0.0000000000000000
    4        0.0000000000000000
    5        0.0000000000000000
    6     1629.6431157240504035
    7     3842.4725513811708879
    8     3938.8134410322177246

$normal_modes
9 9
                    0                  1                  2                  3                  4        
    0      0.0000000000E+00   0.0000000000E+00   0.0000000000E+00   0.0000000000E+00   0.0000000000E+00
    1      0.0000000000E+00   0.0000000000E+00   0.0000000000E+00   0.0000000000E+00   0.0000000000E+00
    2      0.0000000000E+00   0.0000000000E+00   0.0000000000E+00   0.0000000000E+00   0.0000000000E+00
    3      0.0000000000E+00   0.0000000000E+00   0.0000000000E+00   0.0000000000E+00   0.0000000000E+00
    4      0.0000000000E+00   0.0000000000E+00   0.0000000000E+00   0.0000000000E+00   0.0000000000E+00
    5      0.0000000000E+00   0.0000000000E+00   0.0000000000E+00   0.0000000000E+00   0.0000000000E+00
    6      0.0000000000E+00   0.0000000000E+00   0.0000000000E+00   0.0000000000E+00   0.0000000000E+00
    7      0.0000000000E+00   0.0000000000E+00   0.0000000000E+00   0.0000000000E+00   0.0000000000E+00
    8      0.0000000000E+00   0.0000000000E+00   0.0000000000E+00   0.0000000000E+00   0.0000000000E+00
                    5                  6                  7                  8        
     0      0.0000000000E+00  -7.2150495794E-19  -5.7829351058E-19  -9.1245106446E-19
     1      0.0000000000E+00   2.3143361661E-07   6.7784486103E-06  -7.0238249405E-02
     2      0.0000000000E+00  -7.0744903469E-02   4.9806654655E-02   4.7428872425E-06
     3      0.0000000000E+00  -7.3042712637E-17   4.8708075471E-17  -2.0883047859E-17
     4      0.0000000000E+00  -4.2695762346E-01  -5.8530952571E-01   5.5735171010E-01
     5      0.0000000000E+00   5.6143097193E-01  -3.9530791761E-01   4.3219564901E-01
     6      0.0000000000E+00   8.4494456509E-17  -3.9529387102E-17   3.5365492879E-17
     7      0.0000000000E+00   4.2695395014E-01   5.8520193801E-01   5.5747145679E-01
     8      0.0000000000E+00   5.6143382033E-01  -3.9522449095E-01  -4.3227092823E-01

#
# The atoms: label  mass x y z (in bohrs)
#
$atoms
3
 O     15.99900      0.000000000000     0.000000000000     0.000000000000
 H      1.00800      0.000000000000     1.430522683378     1.109269240612
 H      1.00800      0.000000000000    -1.430522683378     1.109269240612

$actual_temperature
  0.000000

$frequency_scale_factor
  1.000000

$dipole_derivatives
9
   -6.5791147810E-01    3.5471147910E-12    1.0225154057E-11
    6.4021518890E-12   -5.0010507742E-01   -2.3148150063E-11
    6.4134803083E-12    1.2260814193E-11   -3.5688465460E-01
    3.2905412717E-01   -8.8126508697E-07    6.9658996638E-05
   -1.3816054850E-12    2.5010907393E-01   -7.4413110318E-02
    1.3737044825E-11   -6.1131644729E-02    1.7828413976E-01
    3.2885735093E-01    8.8126153986E-07   -6.9659006863E-05
   -5.0205464040E-12    2.4999600350E-01    7.4413110341E-02
   -2.0150525133E-11    6.1131644716E-02    1.7860051484E-01

#
# The IR spectrum
#  wavenumber eps Int TX TY TZ
#
$ir_spectrum
9
      0.00   0.00000000   0.00000000     0.000000     0.000000     0.000000
      0.00   0.00000000   0.00000000     0.000000     0.000000     0.000000
      0.00   0.00000000   0.00000000     0.000000     0.000000     0.000000
      0.00   0.00000000   0.00000000     0.000000     0.000000     0.000000
      0.00   0.00000000   0.00000000     0.000000     0.000000     0.000000
      0.00   0.00000000   0.00000000     0.000000     0.000000     0.000000
   1629.64   0.01489285  75.26237786    -0.000000    -0.000009     0.053403
   3842.47   0.00094986   4.80019781     0.000000    -0.000011    -0.008783
   3938.81   0.01214985  61.40035434     0.000000     0.031026    -0.000017


$end

