
$orca_hessian_file

$act_atom
  0

$act_coord
  0

$act_energy
     -188.340595

$multiplicity
  1

$hessian
9
                    0                  1                  2                  3                  4        
    0      1.0089596023E+00  -3.0553337638E-09  -5.5422333390E-09  -9.2967553726E-01  -1.2789769244E-09
    1     -3.0553337638E-09   3.6509562307E-02  -4.9737991503E-09   2.9842794902E-09  -7.2831978173E-02
    2     -5.5422333390E-09  -4.9737991503E-09   3.6509555202E-02  -4.2632564146E-10   4.1211478674E-09
    3     -9.2967553726E-01   2.9842794902E-09  -4.2632564146E-10   1.8594845034E+00   2.6290081223E-09
    4     -1.2789769244E-09  -7.2831978173E-02   4.1211478674E-09   2.6290081223E-09   1.4558471136E-01
    5     -1.1368683772E-09   3.9790393203E-09  -7.2831971494E-02   2.3447910280E-09  -2.0605739337E-09
    6     -7.9284065038E-02   1.7053025658E-09   1.2931877791E-08  -9.2980896611E-01   0.0000000000E+00
    7      2.7000623959E-09   3.6322415866E-02  -7.1054273576E-10  -6.9633188104E-09  -7.2752733189E-02
    8     -2.8421709430E-10   2.5579538487E-09   3.6322416292E-02   0.0000000000E+00  -3.6948222260E-09
                    5                  6                  7                  8        
     0     -1.1368683772E-09  -7.9284065038E-02   2.7000623959E-09  -2.8421709430E-10
     1      3.9790393203E-09   1.7053025658E-09   3.6322415866E-02   2.5579538487E-09
     2     -7.2831971494E-02   1.2931877791E-08  -7.1054273576E-10   3.6322416292E-02
     3      2.3447910280E-09  -9.2980896611E-01  -6.9633188104E-09   0.0000000000E+00
     4     -2.0605739337E-09   0.0000000000E+00  -7.2752733189E-02  -3.6948222260E-09
     5      1.4558471335E-01  -3.1263880373E-09  -2.8421709430E-10  -7.2752741858E-02
     6     -3.1263880373E-09   1.0090930311E+00   1.2789769244E-09  -4.7606363297E-09
     7     -2.8421709430E-10   1.2789769244E-09   3.6430317323E-02   1.0658141037E-09
     8     -7.2752741858E-02  -4.7606363297E-09   1.0658141037E-09   3.6430325566E-02

$vibrational_frequencies
9
    0        0.0000000000000000
    1        0.0000000000000000
    2        0.0000000000000000
    3        0.0000000000000000
    4        0.0000000000000000
    5      663.7033528616677813
    6      663.7033632934296747
    7     1340.6837467314792320
    8     2371.9875805392953225

$normal_modes
9 9
                    0                  1                  2                  3                  4        
    0      0.0000000000E+00   0.0000000000E+00   0.0000000000E+00   0.0000000000E+00   0.0000000000E+00
    1      0.0000000000E+00   0.0000000000E+00   0.0000000000E+00   0.0000000000E+00   0.0000000000E+00
    2      0.0000000000E+00   0.0000000000E+00   0.0000000000E+00   0.0000000000E+00   0.0000000000E+00
    3      0.0000000000E+00   0.0000000000E+00   0.0000000000E+00   0.0000000000E+00   0.0000000000E+00
    4      0.0000000000E+00   0.0000000000E+00   0.0000000000E+00   0.0000000000E+00   0.0000000000E+00
    5      0.0000000000E+00   0.0000000000E+00   0.0000000000E+00   0.0000000000E+00   0.0000000000E+00
    6      0.0000000000E+00   0.0000000000E+00   0.0000000000E+00   0.0000000000E+00   0.0000000000E+00
    7      0.0000000000E+00   0.0000000000E+00   0.0000000000E+00   0.0000000000E+00   0.0000000000E+00
    8      0.0000000000E+00   0.0000000000E+00   0.0000000000E+00   0.0000000000E+00   0.0000000000E+00
                    5                  6                  7                  8        
     0      1.3862456477E-09   3.1914793120E-09  -7.0712712831E-01  -3.3151273782E-01
     1      2.8082247788E-01  -1.7624588286E-01  -8.0714925938E-12  -4.9399156345E-10
     2      1.7624588286E-01   2.8082247788E-01   2.2663347736E-09  -4.7454075011E-10
     3      1.7898252482E-09   3.0310236131E-10   5.4209469338E-05   8.8326227558E-01
     4     -7.4812735388E-01   4.6952924484E-01   2.1505192570E-11   1.3548647284E-09
     5     -4.6952924484E-01  -7.4812735388E-01  -6.0376506100E-09   1.2084723902E-09
     6     -2.7299290625E-09  -3.4190286724E-09   7.0708643140E-01  -3.3158265515E-01
     7      2.8082247789E-01  -1.7624588286E-01  -8.0731956969E-12  -5.2315202380E-10
     8      1.7624588286E-01   2.8082247789E-01   2.2663373625E-09  -4.3270104924E-10

#
# The atoms: label  mass x y z (in bohrs)
#
$atoms
3
 O     15.99900     -2.205253981253     0.000000000026    -0.000000000038
 C     12.01100      0.000000000013    -0.000000000071     0.000000000101
 O     15.99900      2.205253981243     0.000000000026    -0.000000000038

$actual_temperature
  0.000000

$frequency_scale_factor
  1.000000

$dipole_derivatives
9
   -1.1470151235E+00   -3.1379533088E-11    4.5178861097E-11
    3.2518345655E-11   -2.1555867576E-01   -1.1641245671E-08
   -6.0400534400E-11   -1.1567104746E-10   -2.1555867576E-01
    2.2940310809E+00    1.1240728302E-13    7.8772874622E-15
    9.8035078319E-12    4.3109685233E-01    2.2259420386E-08
    6.5741682931E-12   -2.3589763852E-08    4.3109685237E-01
   -1.1470151234E+00    3.1752709797E-11   -4.5317363487E-11
   -1.8613008270E-11   -2.1555867572E-01   -5.6402070589E-09
    6.2828572640E-11    5.5573080209E-09   -2.1555867572E-01

#
# The IR spectrum
#  wavenumber eps Int TX TY TZ
#
$ir_spectrum
9
      0.00   0.00000000   0.00000000     0.000000     0.000000     0.000000
      0.00   0.00000000   0.00000000     0.000000     0.000000     0.000000
      0.00   0.00000000   0.00000000     0.000000     0.000000     0.000000
      0.00   0.00000000   0.00000000     0.000000     0.000000     0.000000
      0.00   0.00000000   0.00000000     0.000000     0.000000     0.000000
    663.70   0.00410536  20.74682840     0.000000    -0.037213    -0.023355
    663.70   0.00410536  20.74682821     0.000000     0.023355    -0.037213
   1340.68   0.00000000   0.00000178     0.000009     0.000000    -0.000000
   2371.99   0.11624900 587.47480364     0.123669     0.000000     0.000000

#
# The IR spectrum
#  wavenumber eps Int TX TY TZ
#
$ir_spectrum
9
      0.00   0.00000000   0.00000000     0.000000     0.000000     0.000000
      0.00   0.00000000   0.00000000     0.000000     0.000000     0.000000
      0.00   0.00000000   0.00000000     0.000000     0.000000     0.000000
      0.00   0.00000000   0.00000000     0.000000     0.000000     0.000000
      0.00   0.00000000   0.00000000     0.000000     0.000000     0.000000
    663.70   0.00410536  20.74682840     0.000000    -0.037213    -0.023355
    663.70   0.00410536  20.74682821     0.000000     0.023355    -0.037213
   1340.68   0.00000000   0.00000178     0.000009     0.000000    -0.000000
   2371.99   0.11624900 587.47480364     0.123669     0.000000     0.000000


$end

